LocalTimestamp,EmotiBitTimestamp,PacketNumber,DataLength,TypeTag,ProtocolVersion,DataReliability,BI
1742899274.739038,217672,33366,1,BI,1,100,680
1742899275.419046,218352,33482,1,BI,1,100,680
1742899276.139053,219072,33604,1,BI,1,100,720
1742899276.819061,219752,33720,1,BI,1,100,680
1742899277.499068,220432,33820,1,BI,1,100,680
1742899278.179075,221112,33938,1,BI,1,100,680
1742899278.859082,221792,34039,1,BI,1,100,680
1742899279.539090,222472,34155,1,BI,1,100,680
1742899280.219097,223152,34272,1,BI,1,100,680
1742899280.859104,223792,34362,1,BI,1,100,640
1742899281.499111,224432,34463,1,BI,1,100,640
1742899282.178118,225111,34578,1,BI,1,100,680
1742899282.898126,225831,34696,1,BI,1,100,720
1742899283.618133,226551,34813,1,BI,1,100,720
1742899284.378141,227311,34946,1,BI,1,100,760
1742899285.098149,228031,35062,1,BI,1,100,720
1742899285.898158,228831,35199,1,BI,1,100,800
1742899286.578165,229511,35298,1,BI,1,100,680
1742899287.298172,230231,35415,1,BI,1,100,720
1742899288.018180,230951,35532,1,BI,1,100,720
1742899288.738188,231671,35649,1,BI,1,100,720
1742899289.458196,232391,35767,1,BI,1,100,720
1742899290.138203,233071,35882,1,BI,1,100,680
1742899290.858211,233791,35998,1,BI,1,100,720
1742899291.537218,234470,36102,1,BI,1,100,680
1742899292.258225,235191,36219,1,BI,1,100,720
1742899292.937233,235870,36335,1,BI,1,100,680
1742899293.657240,236590,36452,1,BI,1,100,720
1742899294.337248,237270,36571,1,BI,1,100,680
1742899295.097256,238030,36686,1,BI,1,100,760
1742899295.777263,238710,36802,1,BI,1,100,680
1742899296.457270,239390,36908,1,BI,1,100,680
1742899297.137278,240070,37024,1,BI,1,100,680
1742899297.897286,240830,37157,1,BI,1,100,760
1742899298.564293,241497,37258,1,BI,1,100,680
1742899299.204300,242137,37359,1,BI,1,100,640
1742899299.803306,242736,37458,1,BI,1,100,600
1742899300.483313,243416,37576,1,BI,1,100,680
1742899301.123320,244056,37675,1,BI,1,100,640
1742899301.843328,244776,37799,1,BI,1,100,720
1742899302.403334,245336,37884,1,BI,1,100,560
1742899303.003340,245936,37982,1,BI,1,100,600
1742899303.563346,246496,38085,1,BI,1,100,560
1742899304.243354,247176,38202,1,BI,1,100,680
1742899304.803360,247736,38287,1,BI,1,100,560
1742899305.643368,248576,38419,1,BI,1,100,840
1742899306.123374,249056,38503,1,BI,1,100,480
1742899306.723380,249656,38611,1,BI,1,100,600
1742899307.403387,250336,38710,1,BI,1,100,680
1742899308.123395,251056,38842,1,BI,1,100,720
1742899308.723402,251656,38929,1,BI,1,100,600
1742899309.362408,252295,39044,1,BI,1,100,640
1742899310.002415,252935,39144,1,BI,1,100,640
1742899310.602422,253535,39245,1,BI,1,100,600
1742899311.202428,254135,39344,1,BI,1,100,600
1742899311.882435,254815,39448,1,BI,1,100,680
1742899312.642443,255575,39581,1,BI,1,100,760
1742899313.202449,256135,39652,1,BI,1,100,560
1742899313.802456,256735,39753,1,BI,1,100,600
1742899314.482463,257415,39873,1,BI,1,100,680
1742899315.122470,258055,39972,1,BI,1,100,640
1742899315.802477,258735,40091,1,BI,1,100,680
1742899316.482484,259415,40207,1,BI,1,100,680
1742899317.122491,260055,40299,1,BI,1,100,640
1742899317.722498,260655,40400,1,BI,1,100,600
1742899318.362504,261295,40502,1,BI,1,100,640
1742899319.001511,261934,40620,1,BI,1,100,640
1742899319.601518,262534,40704,1,BI,1,100,600
1742899320.281525,263214,40819,1,BI,1,100,680
1742899320.961532,263894,40935,1,BI,1,100,680
1742899321.681540,264614,41059,1,BI,1,100,720
1742899322.361547,265294,41160,1,BI,1,100,680
1742899323.041554,265974,41261,1,BI,1,100,680
1742899323.681561,266614,41378,1,BI,1,100,640
1742899324.361568,267294,41481,1,BI,1,100,680
1742899325.081576,268014,41597,1,BI,1,100,720
1742899325.801584,268734,41712,1,BI,1,100,720
1742899326.441591,269374,41813,1,BI,1,100,640
1742899327.121598,270054,41917,1,BI,1,100,680
1742899327.721604,270654,42018,1,BI,1,100,600
1742899328.360611,271293,42102,1,BI,1,100,640
1742899328.960618,271893,42189,1,BI,1,100,600
1742899329.600625,272533,42289,1,BI,1,100,640
1742899330.160630,273093,42374,1,BI,1,100,560
1742899330.800637,273733,42491,1,BI,1,100,640
1742899331.400644,274333,42592,1,BI,1,100,600
1742899332.040651,274973,42681,1,BI,1,100,640
1742899332.680657,275613,42797,1,BI,1,100,640
1742899333.360665,276293,42899,1,BI,1,100,680
1742899334.120673,277053,43032,1,BI,1,100,760
1742899334.840681,277773,43148,1,BI,1,100,720
1742899335.426687,278359,43251,1,BI,1,100,600
1742899336.066694,278999,43355,1,BI,1,100,640
1742899336.786701,279719,43474,1,BI,1,100,720
1742899337.586710,280519,43615,1,BI,1,100,800
1742899338.266717,281199,43718,1,BI,1,100,680
1742899338.906724,281839,43836,1,BI,1,100,640
1742899339.546731,282479,43939,1,BI,1,100,640
1742899340.106737,283039,44023,1,BI,1,100,560
1742899340.866745,283799,44155,1,BI,1,100,760
1742899341.466751,284399,44254,1,BI,1,100,600
1742899342.266760,285199,44377,1,BI,1,100,800
1742899342.946767,285879,44492,1,BI,1,100,680
1742899343.666775,286599,44613,1,BI,1,100,720
1742899344.386782,287319,44728,1,BI,1,100,720
1742899345.065790,287998,44844,1,BI,1,100,680
1742899345.745797,288678,44945,1,BI,1,100,680
1742899346.465805,289398,45077,1,BI,1,100,720
1742899347.185812,290118,45194,1,BI,1,100,720
1742899347.945821,290878,45317,1,BI,1,100,760
1742899348.545827,291478,45405,1,BI,1,100,600
1742899349.225834,292158,45521,1,BI,1,100,680
1742899349.945842,292878,45638,1,BI,1,100,720
1742899350.625849,293558,45754,1,BI,1,100,680
1742899351.345857,294278,45870,1,BI,1,100,720
1742899352.025864,294958,45988,1,BI,1,100,680
1742899352.705871,295638,46079,1,BI,1,100,680
1742899353.425879,296358,46199,1,BI,1,100,720
1742899354.145887,297078,46318,1,BI,1,100,720
1742899354.825894,297758,46433,1,BI,1,100,680
1742899355.545902,298478,46549,1,BI,1,100,720
1742899356.264910,299197,46666,1,BI,1,100,720
1742899356.944917,299877,46782,1,BI,1,100,680
1742899357.664924,300597,46907,1,BI,1,100,720
1742899358.344932,301277,47007,1,BI,1,100,680
1742899359.024939,301957,47126,1,BI,1,100,680
1742899359.704946,302637,47243,1,BI,1,100,680
1742899360.344953,303277,47344,1,BI,1,100,640
1742899361.064961,303997,47460,1,BI,1,100,720
1742899361.744968,304677,47575,1,BI,1,100,680
1742899362.464976,305397,47693,1,BI,1,100,720
1742899362.984981,305917,47782,1,BI,1,100,520
1742899363.624988,306557,47882,1,BI,1,100,640
1742899364.304995,307237,48001,1,BI,1,100,680
1742899364.945002,307877,48099,1,BI,1,100,640
1742899365.624009,308556,48214,1,BI,1,100,680
1742899366.304017,309236,48315,1,BI,1,100,680
1742899366.904023,309836,48416,1,BI,1,100,600
1742899367.864033,310796,48569,1,BI,1,100,960
1742899368.344038,311276,48655,1,BI,1,100,480
1742899369.024046,311956,48771,1,BI,1,100,680
1742899369.784054,312716,48886,1,BI,1,100,760
1742899370.504061,313436,49004,1,BI,1,100,720
1742899371.144068,314076,49119,1,BI,1,100,640
1742899371.904077,314836,49235,1,BI,1,100,760
1742899372.624084,315556,49352,1,BI,1,100,720
1742899373.224091,316156,49456,1,BI,1,100,600
1742899374.064100,316996,49591,1,BI,1,100,840
1742899374.730107,317662,49709,1,BI,1,100,680
1742899375.410114,318342,49808,1,BI,1,100,680
1742899376.050121,318982,49928,1,BI,1,100,640
1742899376.730128,319662,50030,1,BI,1,100,680
1742899377.490136,320422,50162,1,BI,1,100,760
1742899378.170143,321102,50268,1,BI,1,100,680
1742899378.890151,321822,50387,1,BI,1,100,720
1742899379.610159,322542,50503,1,BI,1,100,720
1742899380.330167,323262,50638,1,BI,1,100,720
1742899381.010174,323942,50736,1,BI,1,100,680
1742899381.770182,324702,50871,1,BI,1,100,760
1742899382.449189,325381,50970,1,BI,1,100,680
1742899383.209197,326141,51093,1,BI,1,100,760
1742899383.889205,326821,51210,1,BI,1,100,680
1742899384.649213,327581,51328,1,BI,1,100,760
1742899385.369220,328301,51461,1,BI,1,100,720
1742899386.049228,328981,51560,1,BI,1,100,680
1742899386.769235,329701,51677,1,BI,1,100,720
1742899387.449243,330381,51793,1,BI,1,100,680
1742899388.169250,331101,51908,1,BI,1,100,720
1742899388.889258,331821,52033,1,BI,1,100,720
1742899389.649266,332581,52148,1,BI,1,100,760
1742899390.369274,333301,52267,1,BI,1,100,720
1742899391.129282,334061,52399,1,BI,1,100,760
1742899391.889290,334821,52514,1,BI,1,100,760
1742899392.648298,335580,52646,1,BI,1,100,760
1742899393.448307,336380,52770,1,BI,1,100,800
1742899394.208315,337140,52904,1,BI,1,100,760
1742899394.928323,337860,53019,1,BI,1,100,720
1742899395.688331,338620,53135,1,BI,1,100,760
1742899396.368338,339300,53253,1,BI,1,100,680
1742899397.088346,340020,53369,1,BI,1,100,720
1742899397.808353,340740,53484,1,BI,1,100,720
1742899398.528361,341460,53607,1,BI,1,100,720
1742899399.208368,342140,53722,1,BI,1,100,680
1742899399.928376,342860,53840,1,BI,1,100,720
1742899400.608383,343540,53958,1,BI,1,100,680
1742899401.288390,344220,54062,1,BI,1,100,680
1742899402.007398,344939,54178,1,BI,1,100,720
1742899402.687405,345619,54294,1,BI,1,100,680
1742899403.407413,346339,54414,1,BI,1,100,720
1742899404.087420,347019,54521,1,BI,1,100,680
1742899404.807428,347739,54637,1,BI,1,100,720
1742899405.487435,348419,54753,1,BI,1,100,680
1742899406.207443,349139,54869,1,BI,1,100,720
1742899406.887450,349819,54986,1,BI,1,100,680
1742899407.607458,350539,55101,1,BI,1,100,720
1742899408.327466,351259,55219,1,BI,1,100,720
1742899409.047473,351979,55341,1,BI,1,100,720
1742899409.767481,352699,55457,1,BI,1,100,720
1742899410.487489,353419,55574,1,BI,1,100,720
1742899411.167496,354099,55690,1,BI,1,100,680
1742899411.887504,354819,55805,1,BI,1,100,720
1742899412.606511,355538,55923,1,BI,1,100,720
1742899413.286519,356218,56041,1,BI,1,100,680
1742899413.966526,356898,56146,1,BI,1,100,680
1742899414.646533,357578,56263,1,BI,1,100,680
1742899415.366541,358298,56380,1,BI,1,100,720
1742899416.046548,358978,56479,1,BI,1,100,680
1742899416.766556,359698,56597,1,BI,1,100,720
1742899417.472563,360404,56712,1,BI,1,100,720
1742899418.192571,361124,56828,1,BI,1,100,720
1742899418.912579,361844,56953,1,BI,1,100,720
1742899419.632586,362564,57054,1,BI,1,100,720
1742899420.392595,363324,57187,1,BI,1,100,760
1742899421.112602,364044,57303,1,BI,1,100,720
1742899421.792609,364724,57420,1,BI,1,100,680
1742899422.512617,365444,57535,1,BI,1,100,720
1742899423.192625,366124,57636,1,BI,1,100,680
1742899423.872632,366804,57754,1,BI,1,100,680
1742899424.552639,367484,57863,1,BI,1,100,680
1742899425.272647,368204,57978,1,BI,1,100,720
1742899425.912653,368844,58096,1,BI,1,100,640
1742899426.592661,369524,58195,1,BI,1,100,680
1742899427.352669,370284,58328,1,BI,1,100,760
1742899428.071676,371003,58445,1,BI,1,100,720
1742899428.711684,371643,58546,1,BI,1,100,640
1742899429.311690,372243,58652,1,BI,1,100,600
1742899429.951697,372883,58752,1,BI,1,100,640
1742899430.591703,373523,58851,1,BI,1,100,640
1742899431.191710,374123,58952,1,BI,1,100,600
1742899431.871717,374803,59068,1,BI,1,100,680
1742899432.431723,375363,59169,1,BI,1,100,560
1742899433.151731,376083,59268,1,BI,1,100,720
1742899433.751737,376683,59373,1,BI,1,100,600
1742899434.391744,377323,59479,1,BI,1,100,640
1742899434.991750,377923,59580,1,BI,1,100,600
1742899435.591757,378523,59681,1,BI,1,100,600
1742899436.191763,379123,59783,1,BI,1,100,600
1742899436.751769,379683,59883,1,BI,1,100,560
1742899437.391776,380323,59986,1,BI,1,100,640
1742899437.991783,380923,60085,1,BI,1,100,600
1742899438.551789,381483,60170,1,BI,1,100,560
1742899439.190795,382122,60288,1,BI,1,100,640
1742899439.790802,382722,60377,1,BI,1,100,600
1742899440.390808,383322,60478,1,BI,1,100,600
1742899441.070816,384002,60594,1,BI,1,100,680
1742899441.670822,384602,60695,1,BI,1,100,600
1742899442.230828,385162,60780,1,BI,1,100,560
1742899442.830834,385762,60879,1,BI,1,100,600
1742899443.470841,386402,60982,1,BI,1,100,640
1742899444.190849,387122,61098,1,BI,1,100,720
1742899444.750855,387682,61204,1,BI,1,100,560
1742899445.550863,388482,61340,1,BI,1,100,800
1742899446.150870,389082,61424,1,BI,1,100,600
1742899446.750876,389682,61524,1,BI,1,100,600
1742899447.470884,390402,61643,1,BI,1,100,720
1742899448.069890,391001,61742,1,BI,1,100,600
1742899448.709897,391641,61863,1,BI,1,100,640
1742899449.349904,392281,61962,1,BI,1,100,640
1742899449.949910,392881,62053,1,BI,1,100,600
1742899450.629918,393561,62168,1,BI,1,100,680
1742899451.389926,394321,62285,1,BI,1,100,760
1742899451.869931,394801,62368,1,BI,1,100,480
1742899452.549938,395481,62485,1,BI,1,100,680
1742899453.269946,396201,62603,1,BI,1,100,720
1742899453.869952,396801,62702,1,BI,1,100,600
1742899454.469959,397401,62803,1,BI,1,100,600
1742899455.069965,398001,62880,1,BI,1,100,600
1742899455.749972,398681,62995,1,BI,1,100,680
1742899456.429980,399361,63112,1,BI,1,100,680
1742899457.029986,399961,63212,1,BI,1,100,600
1742899457.708993,400640,63313,1,BI,1,100,680
1742899458.310000,401241,63413,1,BI,1,100,600
1742899458.950006,401881,63533,1,BI,1,100,640
1742899459.549013,402480,63615,1,BI,1,100,600
1742899460.189020,403120,63722,1,BI,1,100,640
1742899460.829026,403760,63841,1,BI,1,100,640
1742899461.469033,404400,63940,1,BI,1,100,640
1742899462.189041,405120,64056,1,BI,1,100,720
1742899462.829048,405760,64157,1,BI,1,100,640
1742899463.469055,406400,64277,1,BI,1,100,640
1742899464.109061,407040,64378,1,BI,1,100,640
1742899464.749068,407680,64481,1,BI,1,100,640
1742899465.375075,408306,64585,1,BI,1,100,640
1742899466.055082,408986,64703,1,BI,1,100,680
1742899466.735090,409666,64802,1,BI,1,100,680
1742899467.375097,410306,64919,1,BI,1,100,640
1742899468.095104,411026,65035,1,BI,1,100,720
1742899468.735111,411666,65139,1,BI,1,100,640
1742899469.415118,412346,65255,1,BI,1,100,680
1742899470.055125,412986,65354,1,BI,1,100,640
1742899470.735132,413666,65462,1,BI,1,100,680
1742899471.415140,414346,46,1,BI,1,100,680
1742899472.095147,415026,161,1,BI,1,100,680
1742899472.775154,415706,277,1,BI,1,100,680
1742899473.415161,416346,380,1,BI,1,100,640
1742899474.135169,417066,495,1,BI,1,100,720
1742899474.855176,417786,612,1,BI,1,100,720
1742899475.494183,418425,717,1,BI,1,100,640
1742899476.214191,419145,834,1,BI,1,100,720
1742899476.854198,419785,933,1,BI,1,100,640
1742899477.494205,420425,1053,1,BI,1,100,640
1742899478.174212,421105,1152,1,BI,1,100,680
1742899478.814219,421745,1270,1,BI,1,100,640
1742899479.454226,422385,1370,1,BI,1,100,640
1742899480.174233,423105,1486,1,BI,1,100,720
1742899480.734239,423665,1577,1,BI,1,100,560
1742899481.494247,424425,1711,1,BI,1,100,760
1742899482.014253,424945,1794,1,BI,1,100,520
1742899482.654260,425585,1897,1,BI,1,100,640
1742899483.294266,426225,1997,1,BI,1,100,640
1742899483.854273,426785,2100,1,BI,1,100,560
1742899484.454279,427385,2201,1,BI,1,100,600
1742899485.054285,427985,2300,1,BI,1,100,600
1742899485.653292,428584,2406,1,BI,1,100,600
1742899486.293299,429224,2504,1,BI,1,100,640
1742899486.933306,429864,2605,1,BI,1,100,640
1742899487.613313,430544,2723,1,BI,1,100,680
1742899488.253320,431184,2821,1,BI,1,100,640
1742899488.933327,431864,2940,1,BI,1,100,680
1742899489.573334,432504,3040,1,BI,1,100,640
1742899490.253341,433184,3155,1,BI,1,100,680
1742899490.893348,433824,3261,1,BI,1,100,640
1742899491.573355,434504,3377,1,BI,1,100,680
1742899492.253362,435184,3478,1,BI,1,100,680
1742899492.933370,435864,3593,1,BI,1,100,680
1742899493.613377,436544,3713,1,BI,1,100,680
1742899494.293384,437224,3812,1,BI,1,100,680
1742899494.973391,437904,3927,1,BI,1,100,680
1742899495.652399,438583,4051,1,BI,1,100,680
1742899496.293406,439224,4149,1,BI,1,100,640
1742899497.012413,439943,4267,1,BI,1,100,720
1742899497.692420,440623,4383,1,BI,1,100,680
1742899498.372428,441303,4486,1,BI,1,100,680
1742899499.012434,441943,4601,1,BI,1,100,640
1742899499.692442,442623,4702,1,BI,1,100,680
1742899500.372449,443303,4818,1,BI,1,100,680
